    0.025697930875637  -0.019904657438067   0.135672943218736
    0.025749010572872  -0.033360933962459   1.089771851206393
    0.288510512634308  -0.852057068297245   0.530114350584021
   -0.679128501438903  -0.530916282946204   0.534695412235202
   -0.672691295499432   0.488509784899902   0.549072695491413
    0.298926130636954   0.797408958495410   0.553377283558456
    0.892981518111460  -0.031106920971917   0.541660382035244
   -0.246332889849556  -0.832833744549500  -0.336477370197010
   -0.837778373102953  -0.007957840641136  -0.324811945339760
   -0.235963031494855   0.809385570174430  -0.313316639859308
    0.727424787823475   0.489655674630855  -0.317877575218576
    0.721015862901747  -0.525291678850094  -0.332191693771547
    0.025648611635506  -0.006912150256111  -0.785543032973217
    0.025597531938271   0.006544126268281  -1.739641940960874
   -0.679221304705514  -0.506468479112360  -1.198742727081013
    0.288417709367696  -0.827609264463402  -1.203323788732194
   -0.672784098766043   0.512957588733745  -1.184365443824802
    0.298833327370342   0.821856762329254  -1.180060855757759
    0.892888714844848  -0.006659117138074  -1.191777757280971