    0.025699812376398  -0.020400314144895   0.170816805033962
    0.296426398254637  -0.876684025622735   0.510608269005210
   -0.700363982192799  -0.545868462223971   0.515327341014214
   -0.693732847168165   0.504269123412353   0.530137758368547
    0.307155800108485   0.822474280800590   0.534572027672092
    0.919107868054725  -0.031001702174292   0.522502139462620
   -0.246223697824275  -0.832517435617689  -0.335587016557863
   -0.837431858937096  -0.007972519637659  -0.323926272543863
   -0.235858000456600   0.809042925721525  -0.312435579644926
    0.727143251940588   0.489441324307105  -0.316994684893097
    0.720736898650269  -0.525098773585089  -0.331303059793691
    0.025649617005816  -0.007177001882799  -0.766764090124936
    0.025598246792051   0.006355807412486  -1.726289449702065
   -0.677217917131426  -0.505100388174791  -1.193908845432122
    0.287671133653329  -0.825328513580030  -1.198476888022289
   -0.670799005286919   0.511428541150546  -1.179572421422559
    0.298057151188531   0.819449844615905  -1.175280066697686
    0.890424274255439  -0.006711449908794  -1.186963669595507